0 0.278143 0.437653 0.345193 0.437653 0.345193 0.550365 0.278143 0.550365
0 0.616746 0.437653 0.682675 0.437653 0.682675 0.550365 0.616746 0.550365
1 0.271443 0.293767 0.339605 0.293767 0.339605 0.405276 0.271443 0.405276
1 0.460294 0.097130 0.529577 0.097130 0.529577 0.218225 0.460294 0.218225
1 0.612279 0.299763 0.680441 0.299763 0.680441 0.402880 0.612279 0.402880
1 0.277031 0.581538 0.344081 0.581538 0.344081 0.693047 0.277031 0.693047
1 0.612279 0.580335 0.681562 0.580335 0.681562 0.693047 0.612279 0.693047
1 0.022243 0.776982 0.088171 0.776982 0.088171 0.898087 0.022243 0.898087
1 0.148520 0.779379 0.213336 0.779379 0.213336 0.896884 0.148520 0.896884
1 0.275910 0.779379 0.342960 0.779379 0.342960 0.896884 0.275910 0.896884
1 0.614513 0.779379 0.686029 0.779379 0.686029 0.902880 0.614513 0.902880
1 0.757546 0.782978 0.822362 0.782978 0.822362 0.900483 0.757546 0.900483
1 0.886057 0.780582 0.951994 0.780582 0.951994 0.901686 0.886057 0.901686
