1 0.224412 0.265646 0.273945 0.265646 0.273945 0.369708 0.224412 0.369708
1 0.479031 0.060333 0.527422 0.060333 0.527422 0.161604 0.479031 0.161604
1 0.726730 0.268417 0.771661 0.268417 0.771661 0.369708 0.726730 0.369708
1 0.724429 0.597229 0.775121 0.597229 0.775121 0.691562 0.724429 0.691562
1 0.225554 0.600000 0.273945 0.600000 0.273945 0.692937 0.225554 0.692937
1 0.056211 0.783125 0.104585 0.783125 0.104585 0.876062 0.056211 0.876062
1 0.477872 0.781729 0.525104 0.781729 0.525104 0.878854 0.477872 0.878854
1 0.902993 0.781729 0.951384 0.781729 0.951384 0.877458 0.902993 0.877458
0 0.214048 0.418250 0.284325 0.418250 0.284325 0.543104 0.214048 0.543104
0 0.716367 0.416875 0.786644 0.416875 0.786644 0.545896 0.716367 0.545896
