0 0.162973 0.471184 0.242268 0.471184 0.242268 0.586290 0.162973 0.586290
0 0.760017 0.472385 0.836976 0.472385 0.836976 0.592279 0.760017 0.592279
1 0.168814 0.200194 0.221289 0.200194 0.221289 0.294929 0.168814 0.294929
1 0.764674 0.039523 0.817148 0.039523 0.817148 0.140247 0.764674 0.140247
1 0.769347 0.611466 0.820653 0.611466 0.820653 0.697809 0.769347 0.697809
1 0.171134 0.612668 0.221289 0.612668 0.221289 0.699011 0.171134 0.699011
1 0.045206 0.794929 0.091856 0.794929 0.091856 0.884859 0.045206 0.884859
1 0.308746 0.799717 0.356546 0.799717 0.356546 0.877668 0.308746 0.877668
1 0.637577 0.793728 0.690052 0.793728 0.690052 0.881254 0.637577 0.881254
1 0.906942 0.800919 0.951254 0.800919 0.951254 0.878852 0.906942 0.878852
2 0.770498 0.366873 0.811323 0.366873 0.811323 0.429223 0.770498 0.429223
3 0.172302 0.334488 0.221289 0.334488 0.221289 0.459187 0.172302 0.459187
3 0.778677 0.201396 0.812491 0.201396 0.812491 0.321307 0.778677 0.321307
